10
100 1 15 5 ds-1's_capital
15
200 2 15 6 ds-1's_city_No.0
100 1 15 4 ds-1's_city_No.1
200 2 16 5 ds-1's_city_No.2
100 1 14 5 ds-1's_city_No.3
200 2 15 7 ds-1's_city_No.4
100 1 16 6 ds-1's_city_No.5
100 1 14 6 ds-1's_city_No.6
100 1 15 3 ds-1's_city_No.7
100 1 16 4 ds-1's_city_No.8
100 1 14 4 ds-1's_city_No.9
100 1 17 5 ds-1's_city_No.10
100 1 13 5 ds-1's_city_No.11
200 2 15 8 ds-1's_city_No.12
100 1 16 7 ds-1's_city_No.13
100 1 14 7 ds-1's_city_No.14
3
100 15 7 2
150 17 5 3
50 15 4 1
unknow ds-1 dfshjsduewisda433425)(A*D&DS)
0 770
100 1 105 5 ds-10's_capital
10
100 1 105 6 ds-10's_city_No.0
100 1 105 4 ds-10's_city_No.1
200 2 106 5 ds-10's_city_No.2
100 1 104 5 ds-10's_city_No.3
100 1 105 7 ds-10's_city_No.4
100 1 106 6 ds-10's_city_No.5
500 3 104 6 ds-10's_city_No.6
100 1 105 3 ds-10's_city_No.7
500 3 106 4 ds-10's_city_No.8
100 1 104 4 ds-10's_city_No.9
4
50 105 5 1
150 105 5 3
50 104 5 1
150 104 6 3
unknow ds-10 dfshjsduewisda433425)(A*D&DS)
0 10
200 2 25 5 ds-2's_capital
11
200 2 25 6 ds-2's_city_No.0
100 1 25 4 ds-2's_city_No.1
500 3 26 5 ds-2's_city_No.2
100 1 24 5 ds-2's_city_No.3
200 2 25 7 ds-2's_city_No.4
100 1 26 6 ds-2's_city_No.5
100 1 24 6 ds-2's_city_No.6
100 1 25 3 ds-2's_city_No.7
200 2 26 4 ds-2's_city_No.8
100 1 24 4 ds-2's_city_No.9
100 1 27 5 ds-2's_city_No.10
1
20 25 5 0
unknow ds-2 dfshjsduewisda433425)(A*D&DS)
0 470
100 1 35 5 ds-3's_capital
12
100 1 35 6 ds-3's_city_No.0
100 1 35 4 ds-3's_city_No.1
100 1 36 5 ds-3's_city_No.2
500 3 34 5 ds-3's_city_No.3
200 2 35 7 ds-3's_city_No.4
100 1 36 6 ds-3's_city_No.5
100 1 34 6 ds-3's_city_No.6
100 1 35 3 ds-3's_city_No.7
100 1 36 4 ds-3's_city_No.8
100 1 34 4 ds-3's_city_No.9
100 1 37 5 ds-3's_city_No.10
100 1 33 5 ds-3's_city_No.11
4
20 35 6 0
100 36 5 2
50 36 5 1
200 36 6 4
unknow ds-3 dfshjsduewisda433425)(A*D&DS)
0 240
100 1 45 5 ds-4's_capital
13
100 1 45 6 ds-4's_city_No.0
200 2 45 4 ds-4's_city_No.1
200 2 46 5 ds-4's_city_No.2
500 3 44 5 ds-4's_city_No.3
200 2 45 7 ds-4's_city_No.4
100 1 46 6 ds-4's_city_No.5
100 1 44 6 ds-4's_city_No.6
100 1 45 3 ds-4's_city_No.7
100 1 46 4 ds-4's_city_No.8
100 1 44 4 ds-4's_city_No.9
100 1 47 5 ds-4's_city_No.10
100 1 43 5 ds-4's_city_No.11
100 1 45 8 ds-4's_city_No.12
4
20 45 5 0
20 44 5 0
20 44 5 0
200 46 6 4
unknow ds-4 dfshjsduewisda433425)(A*D&DS)
0 310
100 1 55 5 ds-5's_capital
14
200 2 55 6 ds-5's_city_No.0
100 1 55 4 ds-5's_city_No.1
200 2 56 5 ds-5's_city_No.2
500 3 54 5 ds-5's_city_No.3
100 1 55 7 ds-5's_city_No.4
100 1 56 6 ds-5's_city_No.5
200 2 54 6 ds-5's_city_No.6
200 2 55 3 ds-5's_city_No.7
100 1 56 4 ds-5's_city_No.8
500 3 54 4 ds-5's_city_No.9
100 1 57 5 ds-5's_city_No.10
100 1 53 5 ds-5's_city_No.11
100 1 55 8 ds-5's_city_No.12
100 1 56 7 ds-5's_city_No.13
2
50 55 6 1
100 54 5 2
unknow ds-5 dfshjsduewisda433425)(A*D&DS)
0 580
100 1 65 5 ds-6's_capital
16
200 2 65 6 ds-6's_city_No.0
500 3 65 4 ds-6's_city_No.1
100 1 66 5 ds-6's_city_No.2
100 1 64 5 ds-6's_city_No.3
100 1 65 7 ds-6's_city_No.4
100 1 66 6 ds-6's_city_No.5
500 3 64 6 ds-6's_city_No.6
100 1 65 3 ds-6's_city_No.7
100 1 66 4 ds-6's_city_No.8
100 1 64 4 ds-6's_city_No.9
100 1 67 5 ds-6's_city_No.10
100 1 63 5 ds-6's_city_No.11
100 1 65 8 ds-6's_city_No.12
100 1 66 7 ds-6's_city_No.13
100 1 64 7 ds-6's_city_No.14
100 1 67 6 ds-6's_city_No.15
2
50 65 5 1
200 66 5 4
unknow ds-6 dfshjsduewisda433425)(A*D&DS)
0 480
100 1 75 5 ds-7's_capital
10
100 1 75 6 ds-7's_city_No.0
500 3 75 4 ds-7's_city_No.1
200 2 76 5 ds-7's_city_No.2
100 1 74 5 ds-7's_city_No.3
500 3 75 7 ds-7's_city_No.4
200 2 76 6 ds-7's_city_No.5
100 1 74 6 ds-7's_city_No.6
100 1 75 3 ds-7's_city_No.7
100 1 76 4 ds-7's_city_No.8
100 1 74 4 ds-7's_city_No.9
4
50 75 6 1
50 75 6 1
50 76 5 1
50 75 7 1
unknow ds-7 dfshjsduewisda433425)(A*D&DS)
0 110
500 3 85 5 ds-8's_capital
10
100 1 85 6 ds-8's_city_No.0
500 3 85 4 ds-8's_city_No.1
100 1 86 5 ds-8's_city_No.2
500 3 84 5 ds-8's_city_No.3
100 1 85 7 ds-8's_city_No.4
100 1 86 6 ds-8's_city_No.5
100 1 84 6 ds-8's_city_No.6
100 1 85 3 ds-8's_city_No.7
200 2 86 4 ds-8's_city_No.8
100 1 84 4 ds-8's_city_No.9
3
20 86 5 0
50 84 6 1
100 85 3 2
unknow ds-8 dfshjsduewisda433425)(A*D&DS)
0 200
100 1 95 5 ds-9's_capital
12
100 1 95 6 ds-9's_city_No.0
100 1 95 4 ds-9's_city_No.1
100 1 96 5 ds-9's_city_No.2
500 3 94 5 ds-9's_city_No.3
200 2 95 7 ds-9's_city_No.4
200 2 96 6 ds-9's_city_No.5
500 3 94 6 ds-9's_city_No.6
100 1 95 3 ds-9's_city_No.7
100 1 96 4 ds-9's_city_No.8
100 1 94 4 ds-9's_city_No.9
100 1 97 5 ds-9's_city_No.10
100 1 93 5 ds-9's_city_No.11
5
20 94 6 0
100 95 6 2
150 94 6 3
150 95 4 3
20 95 5 0
unknow ds-9 dfshjsduewisda433425)(A*D&DS)
0 350
2 316 1
2 1588 1
6 1592 1
9 1595 1
20 1606 1
23 1609 1
23 3401 1
27 1613 1
27 3404 1
30 1616 1
40 912 1
40 1627 1
44 1630 1
44 3514 1
48 656 1
48 1634 1
58 1644 1
58 2241 1
61 1648 1
61 2511 1
63 1414 1
65 1651 1
65 4160 1
68 1655 1
79 1665 1
82 1668 1
82 4110 1
86 1672 1
96 1170 1
96 1682 1
96 4753 1
100 1686 1
103 248 1
103 1689 1
107 1693 1
107 2851 1
117 1703 1
121 1707 1
121 4705 1
124 1710 1
124 1847 1
135 1099 1
135 1721 1
138 1724 1
138 3702 1
142 843 1
142 1728 1
145 1731 1
155 1742 1
159 968 1
159 1745 1
163 1749 1
163 2442 1
176 1763 1
180 1439 1
180 1766 1
183 1770 1
183 4042 1
194 1780 1
194 3571 1
197 435 1
197 1783 1
201 1787 1
201 3038 1
204 1791 1
215 1801 1
215 4893 1
218 1804 1
222 1808 1
222 4637 1
232 1818 1
232 3889 1
236 1822 1
239 1825 1
243 775 1
243 1829 1
243 3620 1
250 1508 1
250 3300 1
253 1839 1
257 1843 1
260 1846 1
260 3274 1
270 1857 1
270 4485 1
274 1860 1
278 1864 1
281 1867 1
284 1264 1
284 4847 1
291 1878 1
295 3 1
295 1881 1
298 6 1
298 1885 1
312 1898 1
316 23 1
316 1902 1
319 27 1
319 1906 1
330 1916 1
333 41 1
333 1919 1
337 1923 1
351 58 1
351 1937 1
352 1163 1
352 4746 1
354 1940 1
358 65 1
358 1944 1
368 1954 1
372 79 1
372 1958 1
375 1961 1
379 1965 1
389 1975 1
393 1979 1
393 3770 1
396 1982 1
399 3777 1
403 1459 1
406 1993 1
410 1996 1
413 121 1
413 2000 1
417 125 1
417 2003 1
427 2013 1
431 2017 1
434 2021 1
445 2031 1
448 2034 1
452 2038 1
455 163 1
455 2041 1
466 173 1
466 2052 1
469 177 1
469 2055 1
471 1358 1
471 4941 1
473 2059 1
487 2073 1
490 198 1
490 2076 1
494 2080 1
504 2090 1
508 2094 1
511 219 1
511 2097 1
525 233 1
525 2111 1
528 2115 1
532 2118 1
540 1257 1
542 250 1
542 2128 1
546 253 1
546 2132 1
549 257 1
549 2136 1
553 261 1
553 2139 1
563 271 1
563 2149 1
567 2153 1
570 2156 1
581 2167 1
584 292 1
584 2170 1
588 295 1
588 2174 1
590 1553 1
590 2323 1
591 299 1
591 2177 1
602 2188 1
605 2191 1
609 2195 1
619 327 1
619 2205 1
623 2209 1
626 334 1
626 2212 1
630 337 1
630 2216 1
640 348 1
640 2226 1
643 2230 1
647 2233 1
659 1452 1
661 2247 1
661 4038 1
664 2251 1
668 2254 1
678 386 1
678 2264 1
682 2268 1
685 393 1
685 2271 1
692 1209 1
692 3000 1
699 407 1
699 2285 1
703 2289 1
706 2292 1
717 424 1
717 2303 1
720 2306 1
724 2310 1
727 2313 1
738 445 1
738 2324 1
741 449 1
741 2327 1
745 2331 1
755 463 1
755 2341 1
758 466 1
758 2345 1
762 2348 1
762 4140 1
766 2352 1
776 2362 1
779 487 1
779 2366 1
783 2369 1
793 501 1
793 2379 1
797 504 1
797 2383 1
800 508 1
800 1226 1
800 2386 1
800 3017 1
804 2390 1
814 2400 1
818 525 1
818 2404 1
821 2407 1
835 2421 1
835 4213 1
839 2425 1
842 2428 1
846 1546 1
853 560 1
853 2439 1
856 2442 1
860 2446 1
863 4241 1
866 1571 1
873 2460 1
877 585 1
877 2463 1
879 1303 1
879 4885 1
881 588 1
881 2467 1
891 2477 1
894 2481 1
898 2484 1
901 2488 1
912 619 1
912 2498 1
915 623 1
915 2501 1
919 2505 1
929 2515 1
933 2519 1
936 644 1
936 2522 1
940 2526 1
948 1201 1
948 4784 1
950 658 1
950 2536 1
954 661 1
954 2540 1
957 2543 1
968 2554 1
971 2557 1
975 2561 1
978 686 1
978 2564 1
988 2575 1
992 2578 1
996 2582 1
998 1498 1
1009 2596 1
1013 721 1
1013 2599 1
1016 2603 1
1016 4394 1
1027 2613 1
1030 738 1
1030 2616 1
1034 741 1
1034 2620 1
1048 2634 1
1051 2637 1
1055 2641 1
1055 4432 1
1065 773 1
1065 2651 1
1067 1397 1
1067 4979 1
1069 776 1
1069 2655 1
1072 2658 1
1076 2662 1
1086 794 1
1086 2672 1
1090 797 1
1090 2676 1
1093 801 1
1093 2679 1
1103 2690 1
1103 4481 1
1107 2693 1
1111 2697 1
1114 822 1
1114 2700 1
1124 832 1
1124 2711 1
1128 2714 1
1131 839 1
1131 2718 1
1135 1296 1
1135 4878 1
1142 2728 1
1145 2731 1
1149 2735 1
1152 860 1
1152 2739 1
1152 2965 1
1163 2749 1
1166 874 1
1166 2752 1
1170 2756 1
1184 891 1
1184 2770 1
1187 2773 1
1191 2777 1
1201 909 1
1201 2787 1
1205 2791 1
1208 2794 1
1212 2798 1
1222 930 1
1222 2808 1
1226 933 1
1226 2812 1
1229 937 1
1229 2815 1
1239 947 1
1239 2826 1
1243 951 1
1243 2829 1
1246 2833 1
1250 958 1
1250 2836 1
1254 1491 1
1260 968 1
1260 2846 1
1264 2850 1
1267 2854 1
1278 2864 1
1281 2867 1
1285 992 1
1285 2871 1
1287 1247 1
1287 4830 1
1288 996 1
1288 2874 1
1299 2885 1
1302 1010 1
1302 2888 1
1306 1013 1
1306 2892 1
1316 2902 1
1320 1027 1
1320 2906 1
1323 2909 1
1327 1034 1
1327 2913 1
1337 1045 1
1337 2923 1
1341 2927 1
1344 1052 1
1344 2930 1
1356 1146 1
1358 2944 1
1361 1069 1
1361 2948 1
1365 1073 1
1365 2951 1
1375 2961 1
1379 2965 1
1379 4756 1
1382 2969 1
1386 2972 1
1396 2982 1
1400 1107 1
1400 2986 1
1403 2989 1
1403 4781 1
1406 1442 1
1414 3000 1
1417 3003 1
1421 3007 1
1424 1132 1
1424 3010 1
1435 3021 1
1438 1146 1
1438 3024 1
1442 1149 1
1442 3028 1
1452 3038 1
1455 3042 1
1459 1167 1
1459 3045 1
1463 1170 1
1463 3049 1
1473 3059 1
1475 1341 1
1475 4924 1
1476 3063 1
1480 3066 1
1490 3076 1
1490 4868 1
1494 3080 1
1497 1205 1
1497 3084 1
1501 1209 1
1501 3087 1
1511 3097 1
1515 3101 1
1518 3104 1
1532 3118 1
1536 1243 1
1536 3122 1
1539 1247 1
1539 3125 1
1543 1240 1
1550 1257 1
1550 3136 1
1553 3139 1
1557 1264 1
1557 3143 1
1560 1268 1
1560 3146 1
1570 3157 1
1574 1282 1
1574 3160 1
1578 3164 1
1588 1296 1
1588 3174 1
1591 3178 1
1594 1536 1
1594 3327 1
1595 1303 1
1595 3181 1
1598 1306 1
1598 3185 1
1609 1316 1
1609 3195 1
1612 3199 1
1612 4990 1
1616 1324 1
1616 3202 1
1626 114 1
1626 3212 1
1630 3216 1
1633 3219 1
1637 1344 1
1637 3223 1
1647 3233 1
1651 3237 1
1654 1362 1
1654 3240 1
1662 1435 1
1665 3251 1
1668 1376 1
1668 3254 1
1672 3258 1
1675 1383 1
1675 3261 1
1685 3272 1
1689 3275 1
1693 3279 1
1703 2732 1
1706 3293 1
1710 3296 1
1713 1421 1
1713 3300 1
1724 1431 1
1724 3310 1
1727 3314 1
1731 1334 1
1731 2527 1
1731 3317 1
1731 4917 1
1734 1442 1
1734 3321 1
1745 3331 1
1748 1456 1
1748 3334 1
1752 3338 1
1762 1470 1
1762 3348 1
1766 1473 1
1766 3352 1
1769 1477 1
1769 3355 1
1773 3359 1
1783 3369 1
1787 1494 1
1787 3373 1
1790 1498 1
1790 3376 1
1796 1421 1
1796 3213 1
1800 1508 1
1800 3387 1
1804 3390 1
1808 3394 1
1811 1519 1
1811 3397 1
1821 1529 1
1821 3408 1
1825 1533 1
1825 3411 1
1828 1536 1
1828 3415 1
1839 3425 1
1842 1550 1
1842 3428 1
1846 1553 1
1846 3432 1
1849 3436 1
1850 1529 1
1850 3583 1
1860 708 1
1860 3446 1
1863 1571 1
1863 3449 1
1867 3453 1
1881 3467 1
1883 1285 1
1883 4868 1
1884 3470 1
1888 1595 1
1888 3474 1
1898 1606 1
1898 3484 1
1902 3488 1
1905 3491 1
1909 3495 1
1919 1627 1
1919 3505 1
1923 3509 1
1926 1634 1
1926 3512 1
1936 1644 1
1936 3523 1
1940 1648 1
1940 3526 1
1943 3530 1
1947 3533 1
1951 1184 1
1957 3543 1
1961 1668 1
1961 3547 1
1964 3551 1
1975 1682 1
1975 3561 1
1978 3564 1
1982 3568 1
1985 3571 1
1996 3582 1
1999 1707 1
1999 3585 1
2002 1480 1
2002 3735 1
2003 1710 1
2003 3589 1
2013 3599 1
2017 1724 1
2017 3603 1
2020 3606 1
2024 1731 1
2024 3610 1
2034 1742 1
2034 3620 1
2038 1745 1
2038 3624 1
2041 1749 1
2041 3627 1
2055 3641 1
2058 3645 1
2062 3648 1
2070 1379 1
2072 3658 1
2073 1125 1
2073 4708 1
2076 1783 1
2076 3662 1
2079 1787 1
2079 3666 1
2083 3669 1
2093 1801 1
2093 3679 1
2097 3683 1
2100 3686 1
2111 3697 1
2114 3700 1
2118 3704 1
2121 1829 1
2121 3707 1
2132 3718 1
2135 3721 1
2139 1278 1
2139 1388 1
2139 1470 1
2139 3725 1
2139 4861 1
2149 3735 1
2153 1860 1
2153 3739 1
2156 3742 1
2160 3746 1
2170 86 1
2170 3756 1
2173 1881 1
2173 3760 1
2177 1885 1
2177 3763 1
2189 1574 1
2191 1898 1
2191 3777 1
2194 3781 1
2198 1906 1
2198 3784 1
2208 1916 1
2208 3794 1
2212 3798 1
2215 132 1
2215 3801 1
2229 3815 1
2233 3819 1
2236 1944 1
2236 3822 1
2247 1954 1
2247 3833 1
2250 1958 1
2250 3836 1
2254 1961 1
2254 3840 1
2257 3843 1
2258 1473 1
2258 3991 1
2268 3854 1
2271 1979 1
2271 3857 1
2275 3861 1
2285 1993 1
2285 3871 1
2288 3875 1
2292 3878 1
2296 3882 1
2306 3892 1
2309 2017 1
2309 3896 1
2313 2021 1
2313 3899 1
2323 240 1
2323 3909 1
2326 1372 1
2326 3164 1
2327 3913 1
2330 3916 1
2334 3920 1
2344 2052 1
2344 3930 1
2348 2055 1
2348 3934 1
2351 3937 1
2360 1128 1
2362 278 1
2365 2073 1
2365 3951 1
2369 3955 1
2372 2080 1
2372 3958 1
2383 3969 1
2386 3972 1
2390 3976 1
2397 313 1
2403 2111 1
2403 3990 1
2407 3993 1
2411 3997 1
2421 4007 1
2424 4011 1
2428 2136 1
2428 4014 1
2431 348 1
2431 4018 1
2442 4028 1
2445 1567 1
2445 4031 1
2449 4035 1
2459 2167 1
2459 4045 1
2463 4049 1
2466 4052 1
2470 2177 1
2470 4056 1
2478 1324 1
2480 2188 1
2480 4066 1
2484 4070 1
2487 2195 1
2487 4073 1
2498 414 1
2498 4084 1
2501 2209 1
2501 4087 1
2505 2212 1
2505 4091 1
2508 4094 1
2518 2226 1
2518 4105 1
2522 4108 1
2526 4112 1
2539 4126 1
2543 4129 1
2546 4133 1
2547 1222 1
2557 4143 1
2560 2268 1
2560 4146 1
2564 2271 1
2564 4150 1
2578 2285 1
2578 4164 1
2581 4167 1
2585 2292 1
2585 4171 1
2595 4181 1
2597 1519 1
2599 2306 1
2599 4185 1
2602 2310 1
2602 4188 1
2606 2313 1
2606 4192 1
2616 2324 1
2616 4202 1
2620 4206 1
2623 4209 1
2633 2341 1
2633 4220 1
2637 4223 1
2641 4227 1
2644 4230 1
2647 564 1
2654 2362 1
2654 4241 1
2658 2366 1
2658 4244 1
2661 4248 1
2666 1418 1
2666 4399 1
2672 4258 1
2675 4261 1
2679 4265 1
2682 4269 1
2693 2400 1
2693 4279 1
2696 612 1
2696 4282 1
2700 4286 1
2714 4300 1
2717 4303 1
2721 4307 1
2731 2439 1
2731 4317 1
2734 1316 1
2735 4321 1
2738 4324 1
2752 2460 1
2752 4338 1
2756 2463 1
2756 4342 1
2759 4345 1
2769 2477 1
2769 4356 1
2773 2481 1
2773 4359 1
2776 4363 1
2780 4366 1
2790 2498 1
2790 4376 1
2794 4380 1
2797 4384 1
2808 2515 1
2808 4394 1
2811 4397 1
2815 4401 1
2818 2526 1
2818 4404 1
2829 4415 1
2832 4418 1
2836 2543 1
2836 4422 1
2846 4432 1
2850 2557 1
2850 4436 1
2853 1512 1
2853 4439 1
2853 4586 1
2857 2564 1
2857 4443 1
2867 783 1
2867 4453 1
2871 2578 1
2871 4457 1
2874 4460 1
2887 1268 1
2887 4851 1
2888 2596 1
2888 4474 1
2891 4478 1
2895 2603 1
2895 4481 1
2905 2613 1
2905 4491 1
2909 4495 1
2912 2620 1
2912 4499 1
2926 4512 1
2930 2637 1
2930 4516 1
2933 2641 1
2933 4519 1
2944 4530 1
2947 2655 1
2947 4533 1
2951 2658 1
2951 4537 1
2954 2662 1
2954 4540 1
2955 1167 1
2965 4551 1
2968 4554 1
2972 4558 1
2982 2690 1
2982 4568 1
2986 4572 1
2989 4575 1
2993 2700 1
2993 4579 1
3000 916 1
3003 2711 1
3003 4589 1
3006 2714 1
3006 4593 1
3010 2718 1
3010 4596 1
3020 2728 1
3020 4606 1
3024 4610 1
3027 4614 1
3031 4617 1
3041 4627 1
3045 2752 1
3045 4631 1
3048 4634 1
3062 978 1
3062 4648 1
3066 4652 1
3069 1320 1
3069 4655 1
3069 4903 1
3074 1362 1
3074 4945 1
3080 4666 1
3083 2791 1
3083 4669 1
3087 2794 1
3087 4673 1
3090 4676 1
3101 2808 1
3101 4687 1
3104 2812 1
3104 4690 1
3108 2815 1
3108 4694 1
3118 2826 1
3118 4704 1
3121 4708 1
3125 2833 1
3125 4711 1
3129 2836 1
3129 4715 1
3139 4725 1
3142 1261 1
3142 4729 1
3142 4844 1
3146 4732 1
3156 2864 1
3156 4742 1
3160 2867 1
3160 4746 1
3163 2871 1
3163 4749 1
3167 4753 1
3177 1094 1
3177 2885 1
3177 4763 1
3181 2888 1
3181 4767 1
3184 1100 1
3184 4770 1
3193 1557 1
3195 2902 1
3195 4781 1
3198 4784 1
3202 2909 1
3202 4788 1
3205 4791 1
3211 1160 1
3211 4742 1
3216 2923 1
3216 4802 1
3219 2927 1
3219 4805 1
3223 2930 1
3223 4809 1
3236 4823 1
3240 4826 1
3244 2951 1
3244 4830 1
3254 2961 1
3254 4840 1
3257 4844 1
3261 1456 1
3261 4847 1
3261 4995 1
3264 2972 1
3264 4851 1
3275 4861 1
3278 4864 1
3282 2989 1
3282 4868 1
3292 4878 1
3296 3003 1
3296 4882 1
3299 3007 1
3299 4885 1
3303 3010 1
3303 4889 1
3313 4899 1
3317 3024 1
3317 4903 1
3320 4906 1
3330 1355 1
3330 4917 1
3334 4920 1
3338 4924 1
3341 4927 1
3351 4938 1
3355 4941 1
3358 4945 1
3369 4955 1
3372 4959 1
3376 3084 1
3376 4962 1
3379 4966 1
3390 4976 1
3393 4979 1
3397 4983 1
3411 4997 1
3414 4399 1
3418 1541 1
3428 793 1
3428 3136 1
3432 3139 1
3432 3395 1
3435 537 1
3439 3140 1
3449 1550 1
3449 2392 1
3453 3160 1
3453 4995 1
3456 2136 1
3466 1388 1
3466 3174 1
3470 3991 1
3473 1132 1
3473 3181 1
3477 3735 1
3482 1306 1
3487 1404 1
3487 2987 1
3491 129 1
3491 3199 1
3494 2732 1
3494 3202 1
3505 1984 1
3508 4586 1
3512 1728 1
3512 3219 1
3515 3223 1
3515 4331 1
3519 1435 1
3526 3583 1
3529 724 1
3529 3237 1
3533 3327 1
3543 2579 1
3543 3251 1
3547 3254 1
3547 4685 1
3550 2323 1
3550 3258 1
3551 1205 1
3554 4926 1
3564 4178 1
3568 1320 1
3568 3275 1
3571 3923 1
3585 316 1
3588 2919 1
3592 60 1
3602 4774 1
3606 1915 1
3606 3314 1
3609 3317 1
3609 4518 1
3613 1659 1
3613 3321 1
3623 912 1
3623 3331 1
3627 3334 1
3627 3514 1
3630 656 1
3630 3338 1
3641 2241 1
3644 2511 1
3648 4160 1
3651 2255 1
3651 3359 1
3662 1507 1
3665 4110 1
3669 1251 1
3669 1400 1
3679 503 1
3683 3106 1
3686 248 1
3690 2851 1
3700 2103 1
3703 3411 1
3703 4705 1
3707 1847 1
3717 1099 1
3717 3425 1
3721 3702 1
3724 843 1
3728 3436 1
3728 3446 1
3738 1299 1
3738 2698 1
3742 968 1
3745 2442 1
3745 3453 1
3759 3467 1
3759 4297 1
3763 1439 1
3766 3474 1
3766 4042 1
3777 3294 1
3777 3484 1
3780 435 1
3784 3038 1
3784 3491 1
3787 179 1
3787 1703 1
3798 4893 1
3801 2034 1
3805 1721 1
3805 4637 1
3806 1198 1
3806 4781 1
3815 3523 1
3815 3889 1
3818 1031 1
3822 3530 1
3822 3633 1
3826 775 1
3836 27 1
3836 3543 1
3839 2630 1
3843 3274 1
3843 3551 1
3846 1763 1
3853 4485 1
3857 1494 1
3857 1626 1
3860 4229 1
3864 1370 1
3874 622 1
3878 3 1
3881 6 1
3895 20 1
3895 3603 1
3899 23 1
3902 27 1
3902 3610 1
3913 37 1
3916 41 1
3920 44 1
3923 1839 1
3925 1393 1
3925 4976 1
3933 58 1
3937 62 1
3937 3645 1
3941 65 1
3941 3648 1
3951 76 1
3951 3658 1
3954 79 1
3954 3662 1
3958 83 1
3958 3666 1
3959 1149 1
3959 4732 1
3961 86 1
3972 97 1
3972 3679 1
3975 100 1
3975 3683 1
3979 104 1
3989 114 1
3993 118 1
3993 3700 1
3996 121 1
3996 3704 1
4000 125 1
4000 1916 1
4010 135 1
4014 138 1
4017 142 1
4028 152 1
4028 3735 1
4031 156 1
4035 159 1
4035 3742 1
4038 163 1
4048 173 1
4052 177 1
4052 3760 1
4056 180 1
4056 3763 1
4065 1515 1
4065 1728 1
4069 194 1
4073 198 1
4076 201 1
4076 3784 1
4078 1344 1
4078 4927 1
4087 212 1
4087 3794 1
4090 215 1
4090 3798 1
4094 219 1
4094 3801 1
4108 233 1
4111 236 1
4111 3819 1
4115 240 1
4125 250 1
4125 3833 1
4129 253 1
4132 257 1
4136 261 1
4146 271 1
4146 1243 1
4150 274 1
4153 278 1
4153 3861 1
4163 288 1
4167 292 1
4167 3875 1
4171 295 1
4174 299 1
4181 2097 1
4184 309 1
4184 3892 1
4188 313 1
4188 3896 1
4191 316 1
4202 327 1
4205 330 1
4205 3913 1
4209 334 1
4212 337 1
4214 1142 1
4214 4725 1
4223 348 1
4226 351 1
4230 355 1
4244 368 1
4247 372 1
4247 2163 1
4251 376 1
4251 3958 1
4261 386 1
4265 389 1
4265 1439 1
4265 3972 1
4268 393 1
4282 407 1
4286 410 1
4289 414 1
4289 3997 1
4299 424 1
4303 428 1
4303 4011 1
4306 431 1
4306 4014 1
4310 435 1
4310 4018 1
4320 445 1
4324 449 1
4324 4031 1
4327 452 1
4327 4035 1
4333 1337 1
4338 463 1
4341 466 1
4341 2257 1
4342 1219 1
4342 4802 1
4345 470 1
4348 473 1
4348 4056 1
4359 483 1
4362 487 1
4362 4070 1
4366 491 1
4376 501 1
4376 4084 1
4380 504 1
4380 4087 1
4383 508 1
4387 511 1
4387 4094 1
4397 522 1
4397 4105 1
4401 525 1
4404 529 1
4418 543 1
4418 4126 1
4421 546 1
4421 4129 1
4425 550 1
4435 560 1
4435 2352 1
4439 564 1
4439 4146 1
4442 567 1
4452 724 1
4452 1533 1
4456 581 1
4460 585 1
4460 4167 1
4463 588 1
4463 4171 1
4474 598 1
4477 602 1
4481 606 1
4484 609 1
4484 4192 1
4491 2407 1
4495 619 1
4495 4202 1
4498 623 1
4502 626 1
4512 637 1
4516 640 1
4519 644 1
4521 1431 1
4523 647 1
4523 4230 1
4533 658 1
4536 661 1
4540 665 1
4540 4248 1
4550 675 1
4550 4258 1
4554 679 1
4554 1188 1
4554 4261 1
4557 682 1
4557 4265 1
4561 686 1
4571 696 1
4575 700 1
4575 2491 1
4578 703 1
4578 4286 1
4592 717 1
4596 721 1
4596 4303 1
4599 724 1
4599 4307 1
4610 734 1
4610 4317 1
4613 738 1
4617 741 1
4617 4324 1
4624 2540 1
4631 755 1
4631 4338 1
4634 759 1
4634 2550 1
4638 762 1
4648 773 1
4651 776 1
4651 4359 1
4655 780 1
4655 4363 1
4656 3296 1
4659 783 1
4669 794 1
4672 797 1
4673 1383 1
4673 4966 1
4676 801 1
4676 2592 1
4686 811 1
4690 815 1
4690 4397 1
4693 818 1
4693 4401 1
4697 822 1
4707 832 1
4707 4415 1
4711 836 1
4714 839 1
4714 4422 1
4725 849 1
4728 853 1
4732 856 1
4732 4439 1
4735 860 1
4742 1282 1
4742 4864 1
4746 870 1
4746 4453 1
4749 874 1
4749 4457 1
4753 877 1
4766 891 1
4770 895 1
4774 898 1
4774 4481 1
4784 909 1
4784 4491 1
4787 912 1
4787 4495 1
4791 916 1
4791 4499 1
4805 930 1
4805 4512 1
4808 933 1
4810 1181 1
4810 4763 1
4812 937 1
4812 4519 1
4822 947 1
4826 951 1
4826 4533 1
4829 954 1
4833 958 1
4840 2756 1
4843 968 1
4843 4551 1
4847 971 1
4847 4554 1
4850 975 1
4861 985 1
4861 1477 1
4861 4568 1
4864 989 1
4864 4572 1
4868 992 1
4868 4575 1
4871 996 1
4881 1006 1
4881 4589 1
4885 1010 1
4885 4593 1
4889 1013 1
4899 1024 1
4902 1027 1
4902 4610 1
4906 1031 1
4906 4614 1
4909 1034 1
4909 4617 1
4920 1045 1
4923 1048 1
4927 1052 1
4927 4634 1
4929 1376 1
4929 4959 1
4941 1066 1
4944 1069 1
4944 4652 1
4946 3045 1
4948 1073 1
4948 4655 1
4958 1083 1
4962 1086 1
4962 1132 1
4962 4715 1
4965 1090 1
4969 1094 1
4979 1104 1
4983 1107 1
4986 1111 1
4986 4694 1
4996 1121 1
